return {
	{
		["cframe"] = CFrame.new(-4.70363712310791, 5.429867744445801, -11.744831085205078, -0.9424536824226379, 0.06618531048297882, -0.32771971821784973, -0.000039793550968170166, 0.9801878333091736, 0.19807028770446777, 0.33433619141578674, 0.18668514490127563, -0.9237790107727051),
		["fov"] = 70
	},
	{
		["cframe"] = CFrame.new(-4.721029281616211, 5.279998779296875, -11.680794715881348, -0.9416736364364624, 0.06578196585178375, -0.3300365209579468, -0.00007391348481178284, 0.9806687831878662, 0.19567511975765228, 0.3365284204483032, 0.184286430478096, -0.9234651327133179),
		["fov"] = 70
	},
	{
		["cframe"] = CFrame.new(-4.738421440124512, 5.130130767822266, -11.616758346557617, -0.9408879280090332, 0.06537259370088577, -0.33235058188438416, -0.00010234862565994263, 0.9811439514160156, 0.19327852129936218, 0.33871886134147644, 0.18188738822937012, -0.9231398105621338),
		["fov"] = 70
	},
	{
		["cframe"] = CFrame.new(-4.7558135986328125, 4.980262279510498, -11.552721977233887, -0.9400967955589294, 0.06495721638202667, -0.3346617817878723, -0.00012509524822235107, 0.981613278388977, 0.1908806711435318, 0.3409075140953064, 0.1794881671667099, -0.9228033423423767),
		["fov"] = 70
	},
	{
		["cframe"] = CFrame.new(-4.773205757141113, 4.830394268035889, -11.488685607910156, -0.9393012523651123, 0.06453587114810944, -0.33697032928466797, -0.00014214962720870972, 0.9820767045021057, 0.18848161399364471, 0.34309452772140503, 0.17708884179592133, -0.922456681728363),
		["fov"] = 70
	},
	{
		["cframe"] = CFrame.new(-4.790597915649414, 4.680525779724121, -11.42464828491211, -0.9384999871253967, 0.06410853564739227, -0.33927595615386963, -0.0001535266637802124, 0.9825343489646912, 0.18608134984970093, 0.3452796936035156, 0.1746894121170044, -0.9220986366271973),
		["fov"] = 70
	},
	{
		["cframe"] = CFrame.new(-4.807990074157715, 4.5306572914123535, -11.360611915588379, -0.9376939535140991, 0.06367522478103638, -0.34157872200012207, -0.00015920773148536682, 0.9829860925674438, 0.18367992341518402, 0.3474630117416382, 0.1722898930311203, -0.9217300415039062),
		["fov"] = 70
	},
	{
		["cframe"] = CFrame.new(-4.825381278991699, 4.380788803100586, -11.296575546264648, -0.9368826746940613, 0.06323594599962234, -0.3438786268234253, -0.00015921145677566528, 0.9834319949150085, 0.18127739429473877, 0.3496444821357727, 0.1698903739452362, -0.921350359916687),
		["fov"] = 70
	},
	{
		["cframe"] = CFrame.new(-4.8427734375, 4.230920791625977, -11.232539176940918, -0.9360663890838623, 0.06279070675373077, -0.34617555141448975, -0.00015352293848991394, 0.9838719964027405, 0.17887380719184875, 0.3518240451812744, 0.1674908697605133, -0.9209598898887634),
		["fov"] = 70
	},
	{
		["cframe"] = CFrame.new(-4.860165596008301, 4.081052303314209, -11.168502807617188, -0.9352449178695679, 0.06233951076865196, -0.34846943616867065, -0.00014214590191841125, 0.9843061566352844, 0.17646914720535278, 0.35400164127349854, 0.1650913953781128, -0.920558512210846),
		["fov"] = 70
	},
	{
		["cframe"] = CFrame.new(-4.877557754516602, 3.9311838150024414, -11.104466438293457, -0.9344183802604675, 0.061882369220256805, -0.3507603108882904, -0.00012508966028690338, 0.9847344160079956, 0.1740635484457016, 0.3561772406101227, 0.16269205510616302, -0.9201461672782898),
		["fov"] = 70
	},
	{
		["cframe"] = CFrame.new(-4.894949913024902, 3.781315803527832, -11.040430068969727, -0.9335872530937195, 0.06141931191086769, -0.3530482351779938, -0.0001023411750793457, 0.985156774520874, 0.1716570109128952, 0.3583509027957916, 0.1602928787469864, -0.9197235703468323),
		["fov"] = 70
	},
	{
		["cframe"] = CFrame.new(-4.912342071533203, 3.6314473152160645, -10.97639274597168, -0.9327505826950073, 0.060950301587581635, -0.3553329408168793, -0.00007390789687633514, 0.9855732321739197, 0.1692495197057724, 0.36052241921424866, 0.1578938513994217, -0.9192895293235779),
		["fov"] = 70
	},
	{
		["cframe"] = CFrame.new(-4.929734230041504, 3.481578826904297, -10.91235637664795, -0.9319093227386475, 0.060475390404462814, -0.35761451721191406, -0.000039789825677871704, 0.9859837293624878, 0.16684122383594513, 0.36269187927246094, 0.15549509227275848, -0.9188450574874878),
		["fov"] = 70
	},
	{
		["cframe"] = CFrame.new(-4.947126388549805, 3.3317108154296875, -10.848320007324219, -0.9310626983642578, 0.059994570910930634, -0.35989293456077576, 3.7252898543727042e-9, 0.9863885641098022, 0.164432093501091, 0.3648592233657837, 0.15309658646583557, -0.9183895587921143),
		["fov"] = 70
	},
	{
		["cframe"] = CFrame.new(-5.01551628112793, 3.3525586128234863, -10.862868309020996, -0.924848198890686, 0.06504334509372711, -0.3747335970401764, 0.00005458667874336243, 0.985291063785553, 0.17088447511196136, 0.38033655285835266, 0.1580217331647873, -0.9112482666969299),
		["fov"] = 70.11394185240844
	},
	{
		["cframe"] = CFrame.new(-5.083907127380371, 3.373406410217285, -10.877415657043457, -0.9183763861656189, 0.07017074525356293, -0.3894367814064026, 0, 0.9841516613960266, 0.17732955515384674, 0.3957081139087677, 0.16285528242588043, -0.903821587562561),
		["fov"] = 70.45230534410568
	},
	{
		["cframe"] = CFrame.new(-4.996132850646973, 3.325737476348877, -10.889546394348145, -0.9393013119697571, 0.05389712005853653, -0.33883416652679443, 0.0006302967667579651, 0.987853467464447, 0.1553870141506195, 0.3430933952331543, 0.14574161171913147, -0.9279260635375977),
		["fov"] = 71.00480947161671
	},
	{
		["cframe"] = CFrame.new(-4.908358573913574, 3.2780685424804688, -10.901676177978516, -0.9572147130966187, 0.038593731820583344, -0.28679367899894714, 0, 0.9910667538642883, 0.13336752355098724, 0.2893787920475006, 0.12766136229038239, -0.948663592338562),
		["fov"] = 71.75466667660767
	},
	{
		["cframe"] = CFrame.new(-5.17520809173584, 3.288179874420166, -11.089488983154297, -0.9322128891944885, 0.044343501329422, -0.3591841757297516, -0.00038188695907592773, 0.9923442602157593, 0.12350215762853622, 0.3619108498096466, 0.11526743322610855, -0.9250591397285461),
		["fov"] = 72.67909292735095
	},
	{
		["cframe"] = CFrame.new(-5.4420576095581055, 3.2982912063598633, -11.277301788330078, -0.9017237424850464, 0.04912133887410164, -0.42951297760009766, -3.7252898543727042e-9, 0.9935238361358643, 0.11362457275390625, 0.43231266736984253, 0.10245797783136368, -0.8958840370178223),
		["fov"] = 73.75
	},
	{
		["cframe"] = CFrame.new(-5.494277000427246, 3.2126712799072266, -11.604585647583008, -0.9186168313026428, 0.025794729590415955, -0.39430707693099976, 0.0010407241061329842, 0.9980215430259705, 0.06286387890577316, 0.39514851570129395, 0.0573374405503273, -0.9168262481689453),
		["fov"] = 74.93484892505748
	},
	{
		["cframe"] = CFrame.new(-5.546496391296387, 3.127051830291748, -11.931870460510254, -0.9339796900749207, 0.004266475327312946, -0.357300728559494, 0, 0.9999287724494934, 0.0119400005787611, 0.3573262095451355, 0.011151717975735664, -0.9339131116867065),
		["fov"] = 76.19763866749803
	},
	{
		["cframe"] = CFrame.new(-5.3670196533203125, 3.1048617362976074, -11.805403709411621, -0.960298478603363, 0.0007996168569661677, -0.27897363901138306, 5.820766091346741e-11, 0.9999959468841553, 0.0028662688564509153, 0.2789748013019562, 0.0027524735778570175, -0.9602944850921631),
		["fov"] = 77.5
	},
	{
		["cframe"] = CFrame.new(-5.536478042602539, 2.839777946472168, -11.81567668914795, -0.9366315007209778, -0.04296548292040825, -0.3476722240447998, -0.004302706569433212, 0.9937863945960999, -0.11122105270624161, 0.35029059648513794, -0.10267717391252518, -0.9309965372085571),
		["fov"] = 78.80236133250197
	},
	{
		["cframe"] = CFrame.new(-5.705935478210449, 2.5746936798095703, -11.825950622558594, -0.9076930284500122, -0.09393882751464844, -0.40898528695106506, 0, 0.9746217131614685, -0.22385843098163605, 0.41963496804237366, -0.2031947374343872, -0.8846572041511536),
		["fov"] = 80.06515107494252
	},
	{
		["cframe"] = CFrame.new(-5.455434799194336, 2.328146457672119, -11.852021217346191, -0.9513857960700989, -0.10502076148986816, -0.28954416513442993, 7.450580596923828e-9, 0.940072774887085, -0.3409744203090668, 0.30800190567970276, -0.3243982195854187, -0.894371747970581),
		["fov"] = 81.25
	},
	{
		["cframe"] = CFrame.new(-5.543249130249023, 1.9500436782836914, -11.832999229431152, -0.9403859972953796, -0.13075290620326996, -0.313971608877182, -0.000756382942199707, 0.9239501953125, -0.3825119435787201, 0.3401086628437042, -0.3594713509082794, -0.8689687848091125),
		["fov"] = 82.32090707264905
	},
	{
		["cframe"] = CFrame.new(-5.631063461303711, 1.5719404220581055, -11.813977241516113, -0.9283033609390259, -0.15738943219184875, -0.3368702232837677, 0, 0.905994176864624, -0.42329031229019165, 0.37182384729385376, -0.39294183254241943, -0.841037392616272),
		["fov"] = 83.24533332339233
	},
	{
		["cframe"] = CFrame.new(-5.609796524047852, 1.1321401596069336, -11.675724983215332, -0.9291900396347046, -0.17623941600322723, -0.3248777687549591, -0.0007875263690948486, 0.8799347877502441, -0.4750938415527344, 0.3696015179157257, -0.44119662046432495, -0.8177654147148132),
		["fov"] = 83.99519052838329
	},
	{
		["cframe"] = CFrame.new(-5.588530540466309, 0.6923401355743408, -11.53747272491455, -0.9300523996353149, -0.19436216354370117, -0.3118106424808502, -0.0017124339938163757, 0.850916862487793, -0.5252975821495056, 0.3674229085445404, -0.4880203306674957, -0.7917300462722778),
		["fov"] = 84.54769465589432
	},
	{
		["cframe"] = CFrame.new(-5.620670318603516, 0.3064537048339844, -11.52374267578125, -0.9288859367370605, -0.20510916411876678, -0.3083849549293518, -0.0017306506633758545, 0.8350436687469482, -0.5501810312271118, 0.3703620433807373, -0.510521650314331, -0.7760152816772461),
		["fov"] = 84.88605814759156
	},
	{
		["cframe"] = CFrame.new(-5.652809143066406, -0.07943296432495117, -11.51001262664795, -0.9277105927467346, -0.21574833989143372, -0.3046405613422394, -0.0016555637121200562, 0.818443238735199, -0.5745850205421448, 0.3732967674732208, -0.5325441956520081, -0.7596356868743896),
		["fov"] = 85
	},
	{
		["cframe"] = CFrame.new(-5.673431396484375, -0.3285205364227295, -11.500837326049805, -0.9269932508468628, -0.2221597135066986, -0.30220651626586914, -0.00161704421043396, 0.808075487613678, -0.5890767574310303, 0.3750748038291931, -0.5455814599990845, -0.7494397759437561),
		["fov"] = 84.82962913144534
	},
	{
		["cframe"] = CFrame.new(-5.694053649902344, -0.5776083469390869, -11.49166202545166, -0.9262728691101074, -0.22852644324302673, -0.29965734481811523, -0.0015443265438079834, 0.7974503040313721, -0.6033827066421509, 0.3768507242202759, -0.5584341287612915, -0.7390095591545105),
		["fov"] = 84.3301270189222
	},
	{
		["cframe"] = CFrame.new(-5.7146759033203125, -0.8266959190368652, -11.482486724853516, -0.9255498051643372, -0.23484539985656738, -0.296994149684906, -0.001437544822692871, 0.786573052406311, -0.617495596408844, 0.3786236047744751, -0.571095883846283, -0.7283502221107483),
		["fov"] = 83.53553390593274
	},
	{
		["cframe"] = CFrame.new(-5.729255676269531, -1.0031981468200684, -11.475899696350098, -0.9250485301017761, -0.23918887972831726, -0.2950846254825592, -0.0013589486479759216, 0.7789233922958374, -0.6271176934242249, 0.37984785437583923, -0.5797129273414612, -0.7208670973777771),
		["fov"] = 82.5
	},
	{
		["cframe"] = CFrame.new(-5.743834495544434, -1.179700255393982, -11.469313621520996, -0.9245452880859375, -0.24350810050964355, -0.29312121868133545, -0.0012641176581382751, 0.7711562514305115, -0.6366447806358337, 0.38107043504714966, -0.5882362723350525, -0.7132766842842102),
		["fov"] = 81.2940952255126
	},
	{
		["cframe"] = CFrame.new(-5.763068199157715, -1.4126778841018677, -11.460592269897461, -0.9238836765289307, -0.2491382509469986, -0.29046350717544556, -0.0011200159788131714, 0.7607948780059814, -0.6489914059638977, 0.3826717734336853, -0.599267303943634, -0.7031650543212891),
		["fov"] = 80
	},
	{
		["cframe"] = CFrame.new(-5.7823028564453125, -1.6456553936004639, -11.451871871948242, -0.9232203364372253, -0.25472456216812134, -0.2877143621444702, -0.000947996973991394, 0.7502353191375732, -0.6611701846122742, 0.3842697739601135, -0.6101329922676086, -0.692874014377594),
		["fov"] = 78.7059047744874
	},
	{
		["cframe"] = CFrame.new(-5.801536560058594, -1.8786330223083496, -11.443151473999023, -0.9225555658340454, -0.2602648437023163, -0.284874826669693, -0.0007481276988983154, 0.7394818067550659, -0.6731761693954468, 0.3858638107776642, -0.6208292245864868, -0.6824078559875488),
		["fov"] = 77.5
	},
	{
		["cframe"] = CFrame.new(-5.813480377197266, -2.023359537124634, -11.437723159790039, -0.9221434593200684, -0.2636706829071045, -0.2830720841884613, -0.0006123781204223633, 0.7327321767807007, -0.6805168986320496, 0.3868483603000641, -0.6273606419563293, -0.675845742225647),
		["fov"] = 76.46446609406726
	},
	{
		["cframe"] = CFrame.new(-5.8254241943359375, -2.168086051940918, -11.432295799255371, -0.9217301607131958, -0.2670580744743347, -0.2812350392341614, -0.00046600401401519775, 0.725909948348999, -0.6877896189689636, 0.38783109188079834, -0.6338254809379578, -0.6692174673080444),
		["fov"] = 75.6698729810778
	},
	{
		["cframe"] = CFrame.new(-5.843297958374023, -2.385014533996582, -11.424088478088379, -0.9211214184761047, -0.27201637625694275, -0.27846580743789673, -0.00024449825286865234, 0.7157462239265442, -0.6983605623245239, 0.38927632570266724, -0.6432064771652222, -0.6593557596206665),
		["fov"] = 75.17037086855466
	},
	{
		["cframe"] = CFrame.new(-5.861173629760742, -2.601943254470825, -11.415881156921387, -0.9205107092857361, -0.27693289518356323, -0.27562329173088074, 0, 0.7054288983345032, -0.7087807059288025, 0.3907173275947571, -0.6524402499198914, -0.649354875087738),
		["fov"] = 75
	},
	{
		["cframe"] = CFrame.new(-10.537191390991211, 114.25798034667969, 5.3766984939575195, 0.9204994440078735, 0.3557443618774414, -0.1616378128528595, 0, 0.41366687417030334, 0.9104284048080444, 0.3907439112663269, -0.8380488157272339, 0.3807801306247711),
		["fov"] = 75
	},
	{
		["cframe"] = CFrame.new(-10.323324203491211, 114.29129028320312, 5.420469284057617, 0.9244164824485779, 0.34764719009399414, -0.15682998299598694, 0.0005643665790557861, 0.4099647104740143, 0.9121013283729553, 0.3813841640949249, -0.8432499766349792, 0.3787819445133209),
		["fov"] = 75.0111111111111
	},
	{
		["cframe"] = CFrame.new(-10.109457015991211, 114.32459259033203, 5.464239120483398, 0.9282389879226685, 0.3394937813282013, -0.15204092860221863, 0.001087486743927002, 0.4062507450580597, 0.9137610197067261, 0.3719829022884369, -0.8483538627624512, 0.3767285645008087),
		["fov"] = 75.04444444444445
	},
	{
		["cframe"] = CFrame.new(-9.895589828491211, 114.35790252685547, 5.508009910583496, 0.9319663643836975, 0.3312852382659912, -0.14727133512496948, 0.0015692859888076782, 0.4025254249572754, 0.9154075384140015, 0.36254143714904785, -0.8533601760864258, 0.374620258808136),
		["fov"] = 75.1
	},
	{
		["cframe"] = CFrame.new(-9.681722640991211, 114.3912124633789, 5.551780700683594, 0.9355982542037964, 0.3230224549770355, -0.14252161979675293, 0.0020097196102142334, 0.3987888693809509, 0.9170406460762024, 0.3530607223510742, -0.8582680821418762, 0.37245696783065796),
		["fov"] = 75.17777777777778
	},
	{
		["cframe"] = CFrame.new(-9.467855453491211, 114.42452239990234, 5.595550537109375, 0.9391342401504517, 0.3147064745426178, -0.1377924382686615, 0.002408742904663086, 0.39504194259643555, 0.9186599254608154, 0.3435420095920563, -0.86307692527771, 0.37023934721946716),
		["fov"] = 75.27777777777777
	},
	{
		["cframe"] = CFrame.new(-9.253988265991211, 114.45782470703125, 5.639321327209473, 0.9425738453865051, 0.3063383400440216, -0.13308432698249817, 0.0027663111686706543, 0.3912845849990845, 0.9202656745910645, 0.3339864909648895, -0.8677865266799927, 0.3679671585559845),
		["fov"] = 75.4
	},
	{
		["cframe"] = CFrame.new(-9.040121078491211, 114.49113464355469, 5.683091163635254, 0.9459166526794434, 0.2979188859462738, -0.12839794158935547, 0.0030823349952697754, 0.38751786947250366, 0.9218570590019226, 0.3243951201438904, -0.8723956942558289, 0.3656412959098816),
		["fov"] = 75.54444444444445
	},
	{
		["cframe"] = CFrame.new(-8.826253890991211, 114.52444458007812, 5.726861953735352, 0.9491623044013977, 0.2894492745399475, -0.12373368442058563, 0.0033567994832992554, 0.3837417662143707, 0.923434317111969, 0.3147691488265991, -0.8769044280052185, 0.3632616102695465),
		["fov"] = 75.71111111111111
	},
	{
		["cframe"] = CFrame.new(-8.612386703491211, 114.55775451660156, 5.770632743835449, 0.9523104429244995, 0.28093045949935913, -0.11909225583076477, 0.0035896599292755127, 0.37995702028274536, 0.9249972105026245, 0.30510982871055603, -0.8813120126724243, 0.36082854866981506),
		["fov"] = 75.9
	},
	{
		["cframe"] = CFrame.new(-8.398519515991211, 114.59105682373047, 5.8144025802612305, 0.9553605914115906, 0.2723635137081146, -0.1144741028547287, 0.003780931234359741, 0.3761637210845947, 0.9265456199645996, 0.2954182028770447, -0.8856179714202881, 0.3583422005176544),
		["fov"] = 76.11111111111111
	},
	{
		["cframe"] = CFrame.new(-8.184652328491211, 114.6243667602539, 5.858173370361328, 0.9583123922348022, 0.263749361038208, -0.10987982153892517, 0.0039305537939071655, 0.37236279249191284, 0.9280788898468018, 0.2856953740119934, -0.8898214101791382, 0.3558032214641571),
		["fov"] = 76.34444444444445
	},
	{
		["cframe"] = CFrame.new(-8.091068267822266, 114.59984588623047, 5.857982635498047, 0.9583731889724731, 0.26367294788360596, -0.10953245311975479, 0.004126042127609253, 0.37079668045043945, 0.9287048578262329, 0.28548863530158997, -0.8904978036880493, 0.3542736768722534),
		["fov"] = 76.6
	},
	{
		["cframe"] = CFrame.new(-7.9974822998046875, 114.57533264160156, 5.857791900634766, 0.958433985710144, 0.26359596848487854, -0.10918526351451874, 0.004321187734603882, 0.36922934651374817, 0.9293283224105835, 0.28528159856796265, -0.8911716938018799, 0.35274291038513184),
		["fov"] = 76.87777777777778
	},
	{
		["cframe"] = CFrame.new(-7.903898239135742, 114.55081176757812, 5.857600212097168, 0.9584948420524597, 0.2635182738304138, -0.10883814096450806, 0.004515945911407471, 0.3676610589027405, 0.9299488663673401, 0.2850740849971771, -0.8918426632881165, 0.35121119022369385),
		["fov"] = 77.17777777777778
	},
	{
		["cframe"] = CFrame.new(-7.810314178466797, 114.52629852294922, 5.857409477233887, 0.9585556983947754, 0.2634401321411133, -0.1084912046790123, 0.004710331559181213, 0.3660915195941925, 0.9305669069290161, 0.2848663628101349, -0.892511248588562, 0.3496782183647156),
		["fov"] = 77.5
	},
	{
		["cframe"] = CFrame.new(-7.716730117797852, 114.50177764892578, 5.8572187423706055, 0.9586165547370911, 0.26336127519607544, -0.10814440250396729, 0.004904389381408691, 0.36452099680900574, 0.9311823844909668, 0.2846582531929016, -0.8931771516799927, 0.3481442332267761),
		["fov"] = 77.82222222222222
	},
	{
		["cframe"] = CFrame.new(-7.623144149780273, 114.47726440429688, 5.857028007507324, 0.9586774110794067, 0.26328182220458984, -0.10779774934053421, 0.005098059773445129, 0.36294934153556824, 0.9317950010299683, 0.28444981575012207, -0.8938403129577637, 0.34660911560058594),
		["fov"] = 78.12222222222222
	},
	{
		["cframe"] = CFrame.new(-7.529560089111328, 114.45274353027344, 5.856837272644043, 0.9587382674217224, 0.2632018029689789, -0.1074511781334877, 0.005291372537612915, 0.36137664318084717, 0.9324048757553101, 0.2842409908771515, -0.894500732421875, 0.3450729250907898),
		["fov"] = 78.4
	},
	{
		["cframe"] = CFrame.new(-7.435976028442383, 114.42822265625, 5.856645584106445, 0.9587991237640381, 0.26312124729156494, -0.1071048155426979, 0.005484327673912048, 0.35980263352394104, 0.9330124258995056, 0.2840319573879242, -0.8951589465141296, 0.3435354232788086),
		["fov"] = 78.65555555555555
	},
	{
		["cframe"] = CFrame.new(-7.342390060424805, 114.4037094116211, 5.856454849243164, 0.9588600397109985, 0.2630399465560913, -0.10675856471061707, 0.005676895380020142, 0.35822793841362, 0.9336169362068176, 0.2838224470615387, -0.8958140015602112, 0.3419972062110901),
		["fov"] = 78.88888888888889
	},
	{
		["cframe"] = CFrame.new(-7.248805999755859, 114.37918853759766, 5.856264114379883, 0.958920955657959, 0.2629581093788147, -0.10641244798898697, 0.005869075655937195, 0.3566519021987915, 0.9342189431190491, 0.2836126685142517, -0.8964666724205017, 0.3404576778411865),
		["fov"] = 79.1
	},
	{
		["cframe"] = CFrame.new(-7.155221939086914, 114.35467529296875, 5.856073379516602, 0.9589818716049194, 0.26287567615509033, -0.10606649518013, 0.006060943007469177, 0.35507485270500183, 0.9348182678222656, 0.28340253233909607, -0.8971166610717773, 0.338917076587677),
		["fov"] = 79.28888888888889
	},
	{
		["cframe"] = CFrame.new(-7.061637878417969, 114.33015441894531, 5.855881690979004, 0.9590428471565247, 0.2627926766872406, -0.10572068393230438, 0.006252378225326538, 0.35349687933921814, 0.9354147911071777, 0.28319209814071655, -0.8977638483047485, 0.33737558126449585),
		["fov"] = 79.45555555555555
	},
	{
		["cframe"] = CFrame.new(-6.968051910400391, 114.3056411743164, 5.855690956115723, 0.9591037631034851, 0.2627090513706207, -0.1053750142455101, 0.006443500518798828, 0.3519175946712494, 0.936008870601654, 0.2829813063144684, -0.8984085917472839, 0.33583271503448486),
		["fov"] = 79.6
	},
	{
		["cframe"] = CFrame.new(-6.874467849731445, 114.28112030029297, 5.855500221252441, 0.9591647386550903, 0.2626248002052307, -0.10502952337265015, 0.006634190678596497, 0.3503376841545105, 0.9366000294685364, 0.28277015686035156, -0.8990505337715149, 0.3342892527580261),
		["fov"] = 79.72222222222223
	},
	{
		["cframe"] = CFrame.new(-6.850404739379883, 114.1452407836914, 5.791333198547363, 0.9551194906234741, 0.27492755651474, -0.11027950793504715, 0.007308855652809143, 0.3503025770187378, 0.9366081357002258, 0.29613059759140015, -0.8953787684440613, 0.332571417093277),
		["fov"] = 79.82222222222222
	},
	{
		["cframe"] = CFrame.new(-6.826343536376953, 114.00936126708984, 5.727167129516602, 0.9508877396583557, 0.28717783093452454, -0.11550495028495789, 0.007983952760696411, 0.35027623176574707, 0.9366123080253601, 0.3094329535961151, -0.8915353417396545, 0.330780565738678),
		["fov"] = 79.9
	},
	{
		["cframe"] = CFrame.new(-6.802282333374023, 113.87348937988281, 5.663000106811523, 0.9464702010154724, 0.2993733286857605, -0.1207050010561943, 0.00865928828716278, 0.35025861859321594, 0.9366130828857422, 0.3226749300956726, -0.8875216245651245, 0.328916996717453),
		["fov"] = 79.95555555555555
	},
	{
		["cframe"] = CFrame.new(-6.778219223022461, 113.73760986328125, 5.598834037780762, 0.9418678879737854, 0.3115115761756897, -0.1258784681558609, 0.009334862232208252, 0.35024961829185486, 0.9366098642349243, 0.3358536958694458, -0.8833378553390503, 0.32698094844818115),
		["fov"] = 79.9888888888889
	},
	{
		["cframe"] = CFrame.new(-6.754156112670898, 113.60173034667969, 5.534667015075684, 0.9370815753936768, 0.32359030842781067, -0.13102442026138306, 0.01001042127609253, 0.3502492308616638, 0.9366031289100647, 0.3489668667316437, -0.8789852261543274, 0.32497283816337585),
		["fov"] = 80
	},
	{
		["cframe"] = CFrame.new(-6.730094909667969, 113.46585083007812, 5.470500946044922, 0.9321122765541077, 0.33560705184936523, -0.136141836643219, 0.010685890913009644, 0.35025760531425476, 0.9365925788879395, 0.36201173067092896, -0.8744642734527588, 0.3228931427001953),
		["fov"] = 79.95555555555555
	},
	{
		["cframe"] = CFrame.new(-6.706033706665039, 113.3299789428711, 5.406333923339844, 0.9269609451293945, 0.34755945205688477, -0.14122968912124634, 0.011361122131347656, 0.3502747416496277, 0.9365781545639038, 0.3749857544898987, -0.8697758913040161, 0.32074233889579773),
		["fov"] = 79.82222222222222
	},
	{
		["cframe"] = CFrame.new(-6.681970596313477, 113.19409942626953, 5.342167854309082, 0.9216285347938538, 0.3594452440738678, -0.14628702402114868, 0.012035995721817017, 0.35030052065849304, 0.9365600347518921, 0.3878864645957947, -0.8649212121963501, 0.3185206651687622),
		["fov"] = 79.6
	},
	{
		["cframe"] = CFrame.new(-6.657907485961914, 113.05821990966797, 5.278000831604004, 0.9161161780357361, 0.3712620735168457, -0.15131276845932007, 0.012710437178611755, 0.35033470392227173, 0.9365382194519043, 0.4007112979888916, -0.8599010705947876, 0.31622838973999023),
		["fov"] = 79.28888888888889
	},
	{
		["cframe"] = CFrame.new(-6.633846282958984, 112.9223403930664, 5.213833808898926, 0.9104248881340027, 0.3830077350139618, -0.15630607306957245, 0.01338416337966919, 0.35037773847579956, 0.93651282787323, 0.41345781087875366, -0.8547166585922241, 0.31386637687683105),
		["fov"] = 78.88888888888889
	},
	{
		["cframe"] = CFrame.new(-6.609785079956055, 112.78646087646484, 5.149667739868164, 0.9045557975769043, 0.39467984437942505, -0.16126598417758942, 0.014057144522666931, 0.350429505109787, 0.93648362159729, 0.42612355947494507, -0.8493685722351074, 0.3114349842071533),
		["fov"] = 78.4
	},
	{
		["cframe"] = CFrame.new(-6.585721969604492, 112.65058898925781, 5.085500717163086, 0.8985099792480469, 0.4062761068344116, -0.16619135439395905, 0.014729276299476624, 0.35048970580101013, 0.9364507794380188, 0.4387059211730957, -0.8438583016395569, 0.30893436074256897),
		["fov"] = 77.82222222222222
	},
	{
		["cframe"] = CFrame.new(-6.56165885925293, 112.51470947265625, 5.021334648132324, 0.8922887444496155, 0.4177941679954529, -0.1710813343524933, 0.015400350093841553, 0.3505588173866272, 0.9364140629768372, 0.4512024223804474, -0.8381864428520203, 0.3063654899597168),
		["fov"] = 77.15555555555555
	},
	{
		["cframe"] = CFrame.new(-6.53759765625, 112.37882995605469, 4.957167625427246, 0.8858932256698608, 0.42923200130462646, -0.17593488097190857, 0.016070261597633362, 0.3506362736225128, 0.936373770236969, 0.4636107385158539, -0.8323544859886169, 0.3037284314632416),
		["fov"] = 76.4
	},
	{
		["cframe"] = CFrame.new(-6.51353645324707, 112.24295043945312, 4.893001556396484, 0.8793246746063232, 0.44058719277381897, -0.180751234292984, 0.016738921403884888, 0.35072246193885803, 0.9363297820091248, 0.4759284555912018, -0.8263635039329529, 0.3010239601135254),
		["fov"] = 75.55555555555556
	},
	{
		["cframe"] = CFrame.new(-6.489473342895508, 112.1070785522461, 4.828834533691406, 0.8725844025611877, 0.45185771584510803, -0.18552932143211365, 0.017406165599822998, 0.35081708431243896, 0.9362823367118835, 0.4881531894207001, -0.8202146887779236, 0.2982524037361145),
		["fov"] = 74.62222222222222
	},
	{
		["cframe"] = CFrame.new(-6.465410232543945, 111.97119903564453, 4.7646684646606445, 0.8656737208366394, 0.4630410671234131, -0.1902681440114975, 0.018071845173835754, 0.35092058777809143, 0.9362307786941528, 0.5002822875976562, -0.8139088153839111, 0.2954147458076477),
		["fov"] = 73.6
	},
	{
		["cframe"] = CFrame.new(-6.441349029541016, 111.83531951904297, 4.700501441955566, 0.8585940003395081, 0.47413527965545654, -0.19496700167655945, 0.01873578131198883, 0.35103246569633484, 0.9361759424209595, 0.512313723564148, -0.8074479103088379, 0.2925110459327698),
		["fov"] = 72.4888888888889
	},
	{
		["cframe"] = CFrame.new(-6.3963470458984375, 111.42981719970703, 4.5311279296875, 0.8384763598442078, 0.501328706741333, -0.21360459923744202, 0.019299358129501343, 0.36441484093666077, 0.9310368299484253, 0.5445960760116577, -0.784774899482727, 0.2958779036998749),
		["fov"] = 71.28888888888889
	},
	{
		["cframe"] = CFrame.new(-6.351346969604492, 111.0243148803711, 4.361754417419434, 0.8171517252922058, 0.5275356769561768, -0.23231269419193268, 0.01931723952293396, 0.3777363896369934, 0.9257116913795471, 0.5760989189147949, -0.7609345316886902, 0.2984774112701416),
		["fov"] = 70
	},
	{
		["cframe"] = CFrame.new(-6.306344985961914, 110.61881256103516, 4.192379951477051, 0.7946545481681824, 0.5527138710021973, -0.2510608434677124, 0.018789440393447876, 0.3909752368927002, 0.9202094674110413, 0.6067710518836975, -0.7359659075737, 0.3003050684928894),
		["fov"] = 68.62222222222222
	},
	{
		["cframe"] = CFrame.new(-6.261344909667969, 110.21331024169922, 4.023006439208984, 0.7710217833518982, 0.5768219232559204, -0.26981839537620544, 0.017716795206069946, 0.4041097164154053, 0.914539098739624, 0.6365623474121094, -0.7099099159240723, 0.3013579249382019),
		["fov"] = 67.15555555555555
	},
	{
		["cframe"] = CFrame.new(-6.216342926025391, 109.80781555175781, 3.853632688522339, 0.746291995048523, 0.5998203754425049, -0.28855472803115845, 0.016101092100143433, 0.4171186089515686, 0.9087095260620117, 0.6654239892959595, -0.6828086376190186, 0.3016344904899597),
		["fov"] = 65.6
	},
	{
		["cframe"] = CFrame.new(-6.1713409423828125, 109.40231323242188, 3.6842591762542725, 0.7205053567886353, 0.6216720342636108, -0.30723926424980164, 0.013945013284683228, 0.42998024821281433, 0.9027307033538818, 0.6933091878890991, -0.6547068357467651, 0.30113381147384644),
		["fov"] = 63.955555555555556
	},
	{
		["cframe"] = CFrame.new(-6.126340866088867, 108.99681091308594, 3.514885187149048, 0.6937041878700256, 0.6423409581184387, -0.32584136724472046, 0.011251986026763916, 0.44267401099205017, 0.8966120481491089, 0.720172107219696, -0.6256500482559204, 0.29985716938972473),
		["fov"] = 62.22222222222222
	},
	{
		["cframe"] = CFrame.new(-6.081338882446289, 108.59130859375, 3.3455116748809814, 0.665932297706604, 0.6617933511734009, -0.3443308472633362, 0.008026480674743652, 0.45517924427986145, 0.8903635740280151, 0.7459689974784851, -0.595685601234436, 0.29780668020248413),
		["fov"] = 60.4
	},
	{
		["cframe"] = CFrame.new(-6.036338806152344, 108.18580627441406, 3.176137685775757, 0.637234628200531, 0.6799979209899902, -0.36267751455307007, 0.004273772239685059, 0.4674749970436096, 0.8839961290359497, 0.7706580758094788, -0.5648629665374756, 0.2949850559234619),
		["fov"] = 58.488888888888894
	},
	{
		["cframe"] = CFrame.new(-5.991336822509766, 107.78030395507812, 3.0067641735076904, 0.607658326625824, 0.6969243288040161, -0.3808513879776001, 0, 0.47954174876213074, 0.8775190711021423, 0.7941985130310059, -0.533231794834137, 0.2913975417613983),
		["fov"] = 56.51111111111111
	},
	{
		["cframe"] = CFrame.new(-5.816368103027344, 107.14256286621094, 2.8078176975250244, 0.5845475792884827, 0.6990303993225098, -0.41189882159233093, 0.005687922239303589, 0.5041219592094421, 0.8636137247085571, 0.8113394975662231, -0.5071661472320557, 0.29070720076560974),
		["fov"] = 54.6
	},
	{
		["cframe"] = CFrame.new(-5.641401290893555, 106.50482940673828, 2.6088712215423584, 0.5608159303665161, 0.6997466087341309, -0.44253841042518616, 0.010558485984802246, 0.5284169912338257, 0.8489193320274353, 0.8278732299804688, -0.48076003789901733, 0.2889563739299774),
		["fov"] = 52.77777777777778
	},
	{
		["cframe"] = CFrame.new(-5.466433525085449, 105.8670883178711, 2.4099247455596924, 0.5365028381347656, 0.6990715265274048, -0.47271960973739624, 0.014603972434997559, 0.5523867607116699, 0.8334600925445557, 0.8437722325325012, -0.4540572464466095, 0.286147803068161),
		["fov"] = 51.04444444444445
	},
	{
		["cframe"] = CFrame.new(-5.291465759277344, 105.2293472290039, 2.2109782695770264, 0.5116480588912964, 0.6970065832138062, -0.5023924112319946, 0.01781746745109558, 0.5759912729263306, 0.8172615766525269, 0.8590103387832642, -0.427101731300354, 0.2822859585285187),
		["fov"] = 49.400000000000006
	},
	{
		["cframe"] = CFrame.new(-5.116497993469238, 104.59160614013672, 2.0120317935943604, 0.4862931966781616, 0.6935549378395081, -0.5315078496932983, 0.020193636417388916, 0.5991920232772827, 0.8003506660461426, 0.8735623359680176, -0.3999382257461548, 0.2773776352405548),
		["fov"] = 47.84444444444444
	},
	{
		["cframe"] = CFrame.new(-4.941530227661133, 103.95387268066406, 1.8130853176116943, 0.46048009395599365, 0.6887222528457642, -0.5600175857543945, 0.021728545427322388, 0.6219503879547119, 0.7827551364898682, 0.8874040842056274, -0.37261152267456055, 0.2714308202266693),
		["fov"] = 46.37777777777777
	},
	{
		["cframe"] = CFrame.new(-4.766562461853027, 103.31613159179688, 1.6141388416290283, 0.434251070022583, 0.682516872882843, -0.5878747701644897, 0.022419869899749756, 0.6442286372184753, 0.7645042538642883, 0.9005128145217896, -0.3451668620109558, 0.26445505023002625),
		["fov"] = 45.00000000000001
	},
	{
		["cframe"] = CFrame.new(-4.667749404907227, 103.23623657226562, 1.4681365489959717, 0.41528791189193726, 0.6749826073646545, -0.6098642349243164, 0.027739882469177246, 0.660700798034668, 0.7501366138458252, 0.9092669486999512, -0.32844018936157227, 0.2556571364402771),
		["fov"] = 43.711111111111116
	},
	{
		["cframe"] = CFrame.new(-4.568935394287109, 103.15633392333984, 1.322134256362915, 0.3960377275943756, 0.6667487025260925, -0.6313481330871582, 0.032600343227386475, 0.6769243478775024, 0.7353304624557495, 0.9176554679870605, -0.31180086731910706, 0.24635130167007446),
		["fov"] = 42.511111111111106
	},
	{
		["cframe"] = CFrame.new(-4.470122337341309, 103.07643127441406, 1.1761319637298584, 0.37651902437210083, 0.6578222513198853, -0.652306318283081, 0.03699663281440735, 0.692884624004364, 0.7200987339019775, 0.9256699085235596, -0.2952640950679779, 0.23654699325561523),
		["fov"] = 41.4
	},
	{
		["cframe"] = CFrame.new(-4.371309280395508, 102.99653625488281, 1.0301291942596436, 0.35674911737442017, 0.6482117176055908, -0.6727197170257568, 0.040924906730651855, 0.7085669040679932, 0.7044559717178345, 0.9333034753799438, -0.2788451015949249, 0.22625261545181274),
		["fov"] = 40.37777777777778
	},
	{
		["cframe"] = CFrame.new(-4.272495269775391, 102.91664123535156, 0.8841269016265869, 0.33674657344818115, 0.637925922870636, -0.6925693154335022, 0.04438132047653198, 0.7239567041397095, 0.6884163618087769, 0.940548837184906, -0.26255902647972107, 0.21547794342041016),
		["fov"] = 39.44444444444444
	},
	{
		["cframe"] = CFrame.new(-4.17368221282959, 102.83673858642578, 0.7381246089935303, 0.3165298104286194, 0.62697434425354, -0.7118370532989502, 0.04736289381980896, 0.7390398383140564, 0.6719946265220642, 0.947399377822876, -0.2464209645986557, 0.2042328119277954),
		["fov"] = 38.6
	},
	{
		["cframe"] = CFrame.new(-4.074868202209473, 102.7568359375, 0.5921223163604736, 0.2961169183254242, 0.6153671145439148, -0.7305054664611816, 0.04986679553985596, 0.7538024187088013, 0.6552062034606934, 0.953849196434021, -0.23044565320014954, 0.19252723455429077),
		["fov"] = 37.84444444444444
	},
	{
		["cframe"] = CFrame.new(-3.976055145263672, 102.67694091796875, 0.446120023727417, 0.2755272388458252, 0.6031147241592407, -0.748556911945343, 0.051890671253204346, 0.7682310938835144, 0.6380661129951477, 0.9598917365074158, -0.21464775502681732, 0.18037253618240356),
		["fov"] = 37.17777777777778
	},
	{
		["cframe"] = CFrame.new(-3.8897714614868164, 102.92298126220703, 0.2807176113128662, 0.2520475387573242, 0.586742639541626, -0.769548773765564, 0.058195143938064575, 0.7845931649208069, 0.61727374792099, 0.9659634828567505, -0.2003663331270218, 0.16360920667648315),
		["fov"] = 36.6
	},
	{
		["cframe"] = CFrame.new(-3.803487777709961, 103.16901397705078, 0.11531519889831543, 0.22827303409576416, 0.569610059261322, -0.7895795106887817, 0.06385183334350586, 0.8004871606826782, 0.5959389805793762, 0.9715011119842529, -0.18645288050174713, 0.14635896682739258),
		["fov"] = 36.111111111111114
	},
	{
		["cframe"] = CFrame.new(-3.717203140258789, 103.41505432128906, -0.05008697509765625, 0.2042330950498581, 0.5517388582229614, -0.808624267578125, 0.06885388493537903, 0.8158929347991943, 0.5740888118743896, 0.9764978885650635, -0.17292487621307373, 0.1286429762840271),
		["fov"] = 35.711111111111116
	},
	{
		["cframe"] = CFrame.new(-3.6309194564819336, 103.66108703613281, -0.21548914909362793, 0.17995843291282654, 0.5331515669822693, -0.8266586661338806, 0.07319487631320953, 0.8307908773422241, 0.5517508387565613, 0.9809473156929016, -0.1597994565963745, 0.11048382520675659),
		["fov"] = 35.400000000000006
	},
	{
		["cframe"] = CFrame.new(-3.544635772705078, 103.9071273803711, -0.3808915615081787, 0.15547949075698853, 0.5138713121414185, -0.8436602354049683, 0.07686936855316162, 0.8451626896858215, 0.5289528965950012, 0.9848438501358032, -0.14709298312664032, 0.09190452098846436),
		["fov"] = 35.17777777777778
	},
	{
		["cframe"] = CFrame.new(-3.4583511352539062, 104.15316772460938, -0.5462939739227295, 0.13082736730575562, 0.4939226508140564, -0.8596072196960449, 0.07987260818481445, 0.8589898347854614, 0.5057240724563599, 0.9881824254989624, -0.1348215937614441, 0.07292848825454712),
		["fov"] = 35.044444444444444
	},
	{
		["cframe"] = CFrame.new(-3.372067451477051, 104.39920043945312, -0.7116963863372803, 0.10603262484073639, 0.4733308255672455, -0.8744799494743347, 0.0822010338306427, 0.8722549676895142, 0.4820936322212219, 0.9909592270851135, -0.12300081551074982, 0.05357921123504639),
		["fov"] = 35
	},
	{
		["cframe"] = CFrame.new(-3.2857837677001953, 104.6452407836914, -0.877098560333252, 0.0811270922422409, 0.4521214962005615, -0.8882592916488647, 0.08385147154331207, 0.8849415183067322, 0.458091139793396, 0.9931703805923462, -0.11164547502994537, 0.03388166427612305),
		["fov"] = 35.00256
	},
	{
		["cframe"] = CFrame.new(-3.201493263244629, 105.29891967773438, -1.088301181793213, 0.04874510318040848, 0.4226303994655609, -0.9049903154373169, 0.08946338295936584, 0.9005780816078186, 0.4253886342048645, 0.994796633720398, -0.10169912874698639, 0.006088852882385254),
		["fov"] = 35.02048
	},
	{
		["cframe"] = CFrame.new(-3.1172027587890625, 105.95260620117188, -1.299504041671753, 0.01614607684314251, 0.3923085927963257, -0.9196919798851013, 0.09389160573482513, 0.9151525497436523, 0.392020583152771, 0.9954515099525452, -0.09268096089363098, -0.02205836772918701),
		["fov"] = 35.06912
	},
	{
		["cframe"] = CFrame.new(-3.032912254333496, 106.60628509521484, -1.5107066631317139, -0.01659778319299221, 0.361223042011261, -0.9323317408561707, 0.09712637960910797, 0.9286327958106995, 0.3580608367919922, 0.9951336979866028, -0.08461099863052368, -0.05049753189086914),
		["fov"] = 35.16384
	},
	{
		["cframe"] = CFrame.new(-2.9486217498779297, 107.25997161865234, -1.721909523010254, -0.04941428080201149, 0.3294423222541809, -0.9428818821907043, 0.09916059672832489, 0.940989077091217, 0.3235842287540436, 0.9938438534736633, -0.07750705629587173, -0.0791659951210022),
		["fov"] = 35.32
	},
	{
		["cframe"] = CFrame.new(-2.8643312454223633, 107.91365051269531, -1.9331121444702148, -0.08223090320825577, 0.29703664779663086, -0.9513187408447266, 0.09998968988656998, 0.9521939754486084, 0.2886669635772705, 0.9915846586227417, -0.0713847354054451, -0.10800039768218994),
		["fov"] = 35.55296
	},
	{
		["cframe"] = CFrame.new(-2.778453826904297, 108.88185119628906, -2.184572219848633, -0.12168289721012115, 0.25699830055236816, -0.9587205648422241, 0.10179740935564041, 0.9640361666679382, 0.24550282955169678, 0.9873350858688354, -0.06772174686193466, -0.14346843957901),
		["fov"] = 35.87808
	},
	{
		["cframe"] = CFrame.new(-2.692577362060547, 109.85005950927734, -2.43603253364563, -0.16100093722343445, 0.21637095510959625, -0.962944746017456, 0.10182659327983856, 0.9741079211235046, 0.20185428857803345, 0.9816875457763672, -0.065554678440094, -0.17886459827423096),
		["fov"] = 36.31072
	},
	{
		["cframe"] = CFrame.new(-2.6066999435424805, 110.81826782226562, -2.687492847442627, -0.20005635917186737, 0.17528676986694336, -0.9639773964881897, 0.1000770553946495, 0.9823765754699707, 0.15786325931549072, 0.9746602177619934, -0.06489048153162003, -0.21407288312911987),
		["fov"] = 36.86624
	},
	{
		["cframe"] = CFrame.new(-2.520822525024414, 111.78646850585938, -2.938952922821045, -0.23872263729572296, 0.13387951254844666, -0.9618147015571594, 0.09655457735061646, 0.9888153076171875, 0.11367295682430267, 0.9662755131721497, -0.06573128700256348, -0.24897927045822144),
		["fov"] = 37.56
	},
	{
