return {
    {
        ["cframe"] = CFrame.new(0.6293668746948242, 2.9638748168945312, -0.08700084686279297, 0.9925289154052734, -0.1219019740819931, 0.005126722157001495, 0.00008083134889602661, 0.04267590492963791, 0.9990890026092529, -0.12200970202684402, -0.9916243553161621, 0.04236692190170288),
        ["fov"] = 40
    },
    {
        ["cframe"] = CFrame.new(0.6431665420532227, 2.9638748168945312, -0.08853030204772949, 0.9928179383277893, -0.11952890455722809, 0.0050345733761787415, 0.00008981674909591675, 0.042827535420656204, 0.9990824460983276, -0.11963485181331635, -0.9919065237045288, 0.04253068193793297),
        ["fov"] = 40
    },
    {
        ["cframe"] = CFrame.new(0.6569662094116211, 2.9638748168945312, -0.09005975723266602, 0.9931012988090515, -0.11715519428253174, 0.004942048341035843, 0.00009844079613685608, 0.042979251593351364, 0.9990759491920471, -0.11725933849811554, -0.9921831488609314, 0.04269428551197052),
        ["fov"] = 40
    },
    {
        ["cframe"] = CFrame.new(0.6707658767700195, 2.9638748168945312, -0.09158921241760254, 0.9933789968490601, -0.11478082090616226, 0.004849117249250412, 0.00010669976472854614, 0.043130867183208466, 0.9990695118904114, -0.11488315463066101, -0.9924541115760803, 0.04285754635930061),
        ["fov"] = 40
    },
    {
        ["cframe"] = CFrame.new(0.684565544128418, 2.9638748168945312, -0.09311866760253906, 0.9936510324478149, -0.11240579187870026, 0.004755795001983643, 0.00011459365487098694, 0.043282561004161835, 0.9990628361701965, -0.11250630021095276, -0.9927192330360413, 0.043020643293857574),
        ["fov"] = 40
    },
    {
        ["cframe"] = CFrame.new(0.6983652114868164, 2.9638748168945312, -0.09464812278747559, 0.9939172863960266, -0.1100301742553711, 0.004662089049816132, 0.0001221299171447754, 0.043434157967567444, 0.9990563988685608, -0.11012883484363556, -0.9929788708686829, 0.04318339750170708),
        ["fov"] = 40
    },
    {
        ["cframe"] = CFrame.new(0.7121648788452148, 2.9638748168945312, -0.09617757797241211, 0.9941779375076294, -0.1076538935303688, 0.004567995667457581, 0.0001292973756790161, 0.04358601197600365, 0.9990496635437012, -0.10775069147348404, -0.9932324886322021, 0.04334617033600807),
        ["fov"] = 40
    },
    {
        ["cframe"] = CFrame.new(0.7259645462036133, 2.9638748168945312, -0.09770703315734863, 0.9944328665733337, -0.10527706146240234, 0.004473496228456497, 0.00013611838221549988, 0.04373764246702194, 0.9990431070327759, -0.10537196695804596, -0.9934806823730469, 0.04350847750902176),
        ["fov"] = 40
    },
    {
        ["cframe"] = CFrame.new(0.7397642135620117, 2.9638748168945312, -0.09923648834228516, 0.9946820735931396, -0.10289958119392395, 0.004378627985715866, 0.00014255568385124207, 0.043889474123716354, 0.9990363717079163, -0.10299260914325714, -0.9937229752540588, 0.04367074370384216),
        ["fov"] = 40
    },
    {
        ["cframe"] = CFrame.new(0.7535638809204102, 2.9638748168945312, -0.10076594352722168, 0.9949256777763367, -0.10052156448364258, 0.004283364862203598, 0.00014864280819892883, 0.04404119774699211, 0.9990297555923462, -0.10061267018318176, -0.9939596652984619, 0.04383265972137451),
        ["fov"] = 40
    },
    {
        ["cframe"] = CFrame.new(0.7673635482788086, 2.9638748168945312, -0.1022951602935791, 0.9951635599136353, -0.09814298152923584, 0.0041877105832099915, 0.0001543574035167694, 0.04419282078742981, 0.9990230798721313, -0.09823216497898102, -0.9941906929016113, 0.0439942330121994),
        ["fov"] = 40
    },
    {
        ["cframe"] = CFrame.new(0.781163215637207, 2.9638748168945312, -0.10382461547851562, 0.9953957200050354, -0.09576384723186493, 0.004091676324605942, 0.00015971437096595764, 0.04434475675225258, 0.999016284942627, -0.09585109353065491, -0.9944158792495728, 0.044155873358249664),
        ["fov"] = 40
    },
    {
        ["cframe"] = CFrame.new(0.7949628829956055, 2.9638748168945312, -0.10535407066345215, 0.9956221580505371, -0.09338419139385223, 0.003995243459939957, 0.00016469880938529968, 0.04449634999036789, 0.9990096092224121, -0.09346947073936462, -0.9946354627609253, 0.04431692883372307),
        ["fov"] = 40
    },
    {
        ["cframe"] = CFrame.new(0.8087625503540039, 2.9638748168945312, -0.10688352584838867, 0.9958428740501404, -0.09100401401519775, 0.003898441791534424, 0.00016932561993598938, 0.044648196548223495, 0.9990028142929077, -0.09108731150627136, -0.9948492050170898, 0.04447799548506737),
        ["fov"] = 40
    },
    {
        ["cframe"] = CFrame.new(0.8225622177124023, 2.9638748168945312, -0.1084129810333252, 0.99605792760849, -0.08862331509590149, 0.003801252692937851, 0.00017359107732772827, 0.04480017349123955, 0.9989960193634033, -0.08870463073253632, -0.995057225227356, 0.04463895410299301),
        ["fov"] = 40
    },
    {
        ["cframe"] = CFrame.new(0.8363618850708008, 2.9638748168945312, -0.10994243621826172, 0.9962673187255859, -0.08624213933944702, 0.0037036538124084473, 0.00017749890685081482, 0.04495180398225784, 0.9989892244338989, -0.08632144331932068, -0.9952596426010132, 0.0447993241250515),
        ["fov"] = 40
    },
    {
        ["cframe"] = CFrame.new(0.8501615524291992, 2.9638748168945312, -0.11147189140319824, 0.9964709877967834, -0.08386046439409256, 0.0036057010293006897, 0.00018102675676345825, 0.04510375112295151, 0.9989823698997498, -0.08393774926662445, -0.9954562783241272, 0.04495975747704506),
        ["fov"] = 40
    },
    {
        ["cframe"] = CFrame.new(0.8639612197875977, 2.9638748168945312, -0.11300134658813477, 0.9966689348220825, -0.08147832751274109, 0.003507353365421295, 0.00018420815467834473, 0.04525570571422577, 0.998975396156311, -0.08155357092618942, -0.9956470727920532, 0.045119963586330414),
        ["fov"] = 40
    },
    {
        ["cframe"] = CFrame.new(0.8777608871459961, 2.9638748168945312, -0.11453080177307129, 0.9968611598014832, -0.0790957659482956, 0.003408629447221756, 0.000187017023563385, 0.04540737345814705, 0.9989686012268066, -0.07916896045207977, -0.9958324432373047, 0.04527964070439339),
        ["fov"] = 40
    },
    {
        ["cframe"] = CFrame.new(0.8915605545043945, 2.9638748168945312, -0.11606025695800781, 0.9970477223396301, -0.0767127275466919, 0.00330951064825058, 0.00018946081399917603, 0.0455593504011631, 0.9989615678787231, -0.07678385078907013, -0.9960117340087891, 0.045439381152391434),
        ["fov"] = 40
    },
    {
        ["cframe"] = CFrame.new(0.905360221862793, 2.9638748168945312, -0.11758971214294434, 0.9972285628318787, -0.07432930171489716, 0.0032100193202495575, 0.0001915358006954193, 0.0457109771668911, 0.9989547729492188, -0.07439833879470825, -0.9961856603622437, 0.045598533004522324),
        ["fov"] = 40
    },
    {
        ["cframe"] = CFrame.new(0.9191598892211914, 2.9638748168945312, -0.11911916732788086, 0.9974037408828735, -0.0719454437494278, 0.0031101517379283905, 0.00019326433539390564, 0.045863036066293716, 0.9989476799964905, -0.07201237976551056, -0.9963535666465759, 0.04575786739587784),
        ["fov"] = 40
    },
    {
        ["cframe"] = CFrame.new(0.9329595565795898, 2.9638748168945312, -0.12064862251281738, 0.9975731372833252, -0.06956120580434799, 0.0030098967254161835, 0.0001946091651916504, 0.046014681458473206, 0.9989408254623413, -0.06962601840496063, -0.9965159893035889, 0.04591654986143112),
        ["fov"] = 40
    },
    {
        ["cframe"] = CFrame.new(0.9467592239379883, 2.9638748168945312, -0.1221780776977539, 0.9977368712425232, -0.06717656552791595, 0.002909265458583832, 0.00019560381770133972, 0.04616669565439224, 0.998933732509613, -0.06723924726247787, -0.9966724514961243, 0.046075355261564255),
        ["fov"] = 40
    },
    {
        ["cframe"] = CFrame.new(0.9605588912963867, 2.9638748168945312, -0.12370753288269043, 0.9978948831558228, -0.06479157507419586, 0.0028082504868507385, 0.00019623711705207825, 0.046318601816892624, 0.9989267587661743, -0.06485210359096527, -0.9968233108520508, 0.046233806759119034),
        ["fov"] = 40
    },
    {
        ["cframe"] = CFrame.new(0.9743585586547852, 2.9638748168945312, -0.12523698806762695, 0.9980471730232239, -0.062406208366155624, 0.0027068573981523514, 0.00019649788737297058, 0.04647045210003853, 0.998919665813446, -0.062464579939842224, -0.9969684481620789, 0.046391963958740234),
        ["fov"] = 40
    },
    {
        ["cframe"] = CFrame.new(0.9881582260131836, 2.9638748168945312, -0.12676644325256348, 0.9981937408447266, -0.06002051755785942, 0.002605082467198372, 0.00019639357924461365, 0.046622131019830704, 0.9989126324653625, -0.06007670611143112, -0.9971078038215637, 0.046549707651138306),
        ["fov"] = 40
    },
    {
        ["cframe"] = CFrame.new(1.001957893371582, 2.9638748168945312, -0.1282958984375, 0.9983345866203308, -0.057634495198726654, 0.0025029387325048447, 0.00019593164324760437, 0.04677405580878258, 0.9989055395126343, -0.057688482105731964, -0.9972414970397949, 0.04670745134353638),
        ["fov"] = 40
    },
    {
        ["cframe"] = CFrame.new(1.015756607055664, 2.9638748168945312, -0.12982535362243652, 0.9984697699546814, -0.05524814501404762, 0.002400413155555725, 0.0001951083540916443, 0.046926047652959824, 0.9988982677459717, -0.055299922823905945, -0.9973692893981934, 0.04686501994729042),
        ["fov"] = 40
    },
    {
        ["cframe"] = CFrame.new(1.0295562744140625, 2.9638748168945312, -0.13135457038879395, 0.9985992312431335, -0.05286150425672531, 0.0022975150495767593, 0.00019391626119613647, 0.047077927738428116, 0.9988911747932434, -0.052911050617694855, -0.9974915385246277, 0.04702223092317581),
        ["fov"] = 40
    },
    {
        ["cframe"] = CFrame.new(1.043355941772461, 2.9638748168945312, -0.13288402557373047, 0.9987229704856873, -0.05047459155321121, 0.002194233238697052, 0.0001923646777868271, 0.04722968861460686, 0.9988840222358704, -0.05052189528942108, -0.9976080060005188, 0.04717908427119255),
        ["fov"] = 40
    },
    {
        ["cframe"] = CFrame.new(1.0571556091308594, 2.9638748168945312, -0.134413480758667, 0.9988409280776978, -0.048087384551763535, 0.0020905807614326477, 0.00019043684005737305, 0.04738140106201172, 0.9988769292831421, -0.048132430762052536, -0.9977188110351562, 0.04733563959598541),
        ["fov"] = 40
    },
    {
        ["cframe"] = CFrame.new(1.0709552764892578, 2.9638748168945312, -0.13594293594360352, 0.9989532232284546, -0.04569992423057556, 0.001986555755138397, 0.00018816068768501282, 0.047533415257930756, 0.9988695979118347, -0.0457426942884922, -0.9978236556053162, 0.04749225825071335),
        ["fov"] = 40
    },
    {
        ["cframe"] = CFrame.new(1.0847549438476562, 2.9638748168945312, -0.13747239112854004, 0.999059796333313, -0.04331222176551819, 0.0018821526318788528, 0.00018551386892795563, 0.04768519476056099, 0.9988624453544617, -0.043352700769901276, -0.997922956943512, 0.04764839634299278),
        ["fov"] = 40
    },
    {
        ["cframe"] = CFrame.new(1.0985546112060547, 2.9638748168945312, -0.13900184631347656, 0.999160647392273, -0.04092428833246231, 0.0017773769795894623, 0.0001825038343667984, 0.04783686250448227, 0.9988552331924438, -0.04096245765686035, -0.9980165958404541, 0.047804176807403564),
        ["fov"] = 40
    },
    {
        ["cframe"] = CFrame.new(1.1123542785644531, 2.9638748168945312, -0.14053130149841309, 0.9992558360099792, -0.03853612765669823, 0.001672232523560524, 0.00017913058400154114, 0.047988709062337875, 0.9988479614257812, -0.038571976125240326, -0.9981043338775635, 0.04795989766716957),
        ["fov"] = 40
    },
    {
        ["cframe"] = CFrame.new(1.1261539459228516, 2.9638748168945312, -0.1420607566833496, 0.9993452429771423, -0.03614777326583862, 0.001566711813211441, 0.00017539411783218384, 0.0481405034661293, 0.9988406300544739, -0.036181285977363586, -0.9981862902641296, 0.0481153205037117),
        ["fov"] = 40
    },
    {
        ["cframe"] = CFrame.new(1.13995361328125, 2.9638748168945312, -0.14359021186828613, 0.999428927898407, -0.033759213984012604, 0.0014608204364776611, 0.00017129071056842804, 0.04829229786992073, 0.9988332390785217, -0.03379037231206894, -0.9982625842094421, 0.04827050492167473),
        ["fov"] = 40
    },
    {
        ["cframe"] = CFrame.new(1.1537532806396484, 2.9638748168945312, -0.14511966705322266, 0.9995068907737732, -0.03137049078941345, 0.0013545621186494827, 0.00016683153808116913, 0.04844415932893753, 0.9988259077072144, -0.031399279832839966, -0.998333215713501, 0.04842550680041313),
        ["fov"] = 40
    },
    {
        ["cframe"] = CFrame.new(1.1675529479980469, 2.9638748168945312, -0.14664912223815918, 0.9995791912078857, -0.028981603682041168, 0.001247926615178585, 0.00016200263053178787, 0.04859578236937523, 0.9988186359405518, -0.029008004814386368, -0.9983980655670166, 0.04858002811670303),
        ["fov"] = 40
    },
    {
        ["cframe"] = CFrame.new(1.1813526153564453, 2.9638748168945312, -0.1481785774230957, 0.9996457099914551, -0.02659256011247635, 0.0011409260332584381, 0.00015681330114603043, 0.048747770488262177, 0.9988111257553101, -0.02661656029522419, -0.9984570741653442, 0.048734668642282486),
        ["fov"] = 40
    },
    {
        ["cframe"] = CFrame.new(1.1951522827148438, 2.9638748168945312, -0.14970803260803223, 0.999706506729126, -0.024203386157751083, 0.0010335538536310196, 0.0001512588933110237, 0.04889940097928047, 0.9988037347793579, -0.02422497048974037, -0.998510479927063, 0.048888709396123886),
        ["fov"] = 40
    },
    {
        ["cframe"] = CFrame.new(1.2089519500732422, 2.9638748168945312, -0.15123748779296875, 0.9997616410255432, -0.021814091131091118, 0.0009258147329092026, 0.00014534220099449158, 0.04905115067958832, 0.998796284198761, -0.02183324471116066, -0.9985581040382385, 0.049042630940675735),
        ["fov"] = 40
    },
    {
        ["cframe"] = CFrame.new(1.2227516174316406, 2.9638748168945312, -0.15276694297790527, 0.9998109936714172, -0.019424673169851303, 0.000817704014480114, 0.0001390613615512848, 0.04920278862118721, 0.9987888336181641, -0.019441381096839905, -0.9985998868942261, 0.049196191132068634),
        ["fov"] = 40
    },
    {
        ["cframe"] = CFrame.new(1.236551284790039, 2.9638748168945312, -0.1542963981628418, 0.9998546242713928, -0.01703517697751522, 0.0007092300802469254, 0.00013241730630397797, 0.0493544265627861, 0.9987813830375671, -0.01704942062497139, -0.9986360669136047, 0.04934950917959213),
        ["fov"] = 40
    },
    {
        ["cframe"] = CFrame.new(1.2503509521484375, 2.9638748168945312, -0.15582585334777832, 0.9998925924301147, -0.01464559230953455, 0.0006003896705806255, 0.00012540817260742188, 0.04950612783432007, 0.9987739324569702, -0.014657357707619667, -0.998666524887085, 0.049502644687891006),
        ["fov"] = 40
    },
    {
        ["cframe"] = CFrame.new(1.264150619506836, 2.9638748168945312, -0.15735530853271484, 0.9999247789382935, -0.012255936861038208, 0.0004911818541586399, 0.00011803722009062767, 0.04965788871049881, 0.998766303062439, -0.01226520724594593, -0.9986910820007324, 0.049655601382255554),
        ["fov"] = 40
    },
    {
        ["cframe"] = CFrame.new(1.2779502868652344, 2.9638748168945312, -0.15888476371765137, 0.9999512434005737, -0.009866234846413136, 0.00038161035627126694, 0.00011030305176973343, 0.049809712916612625, 0.9987587332725525, -0.009872996248304844, -0.9987099766731262, 0.04980837553739548),
        ["fov"] = 40
    },
    {
        ["cframe"] = CFrame.new(1.2917499542236328, 2.9638748168945312, -0.1604142189025879, 0.9999720454216003, -0.0074764941819012165, 0.0002716693561524153, 0.00010220706462860107, 0.049961064010858536, 0.9987512826919556, -0.007480730302631855, -0.9987232685089111, 0.0499604307115078),
        ["fov"] = 40
    },
    {
        ["cframe"] = CFrame.new(1.3055496215820312, 2.9638748168945312, -0.16194367408752441, 0.9999870657920837, -0.005086725577712059, 0.0001613690983504057, 0.00009374483488500118, 0.0501127727329731, 0.9987435936927795, -0.005088420584797859, -0.9987305998802185, 0.05011260136961937),
        ["fov"] = 40
    },
    {
        ["cframe"] = CFrame.new(1.3193492889404297, 2.9638748168945312, -0.16347289085388184, 0.9999963641166687, -0.0026969362515956163, 0.00005070248153060675, 0.00008492171764373779, 0.05026436597108841, 0.9987360239028931, -0.002696075476706028, -0.998732328414917, 0.05026441067457199),
        ["fov"] = 40
    },
    {
        ["cframe"] = CFrame.new(1.3331489562988281, 2.9638748168945312, -0.16500234603881836, 0.9999999403953552, -0.0003071575192734599, -0.00006032617966411635, 0.00007573508628411219, 0.05041583999991417, 0.998728334903717, -0.0003037255082745105, -0.998728334903717, 0.05041585862636566),
        ["fov"] = 40
    },
    {
        ["cframe"] = CFrame.new(1.3469486236572266, 2.9638748168945312, -0.16653180122375488, 0.9999978542327881, 0.0020826058462262154, -0.00017171731451526284, 0.00006618560291826725, 0.050567373633384705, 0.9987207651138306, 0.0020886247511953115, -0.9987186193466187, 0.050567127764225006),
        ["fov"] = 40
    },
    {
        ["cframe"] = CFrame.new(1.360748291015625, 2.9638748168945312, -0.1680612564086914, 0.999989926815033, 0.004472339525818825, -0.00028346944600343704, 0.00005627283826470375, 0.05071891099214554, 0.9987130165100098, 0.00448096077889204, -0.9987030029296875, 0.05071815103292465),
        ["fov"] = 40
    },
    {
        ["cframe"] = CFrame.new(1.3745479583740234, 2.9638748168945312, -0.16959071159362793, 0.999976396560669, 0.006862040609121323, -0.00039558345451951027, 0.000045997556298971176, 0.05087033286690712, 0.9987053275108337, 0.006873279344290495, -0.9986817240715027, 0.050868816673755646),
        ["fov"] = 40
    },
    {
        ["cframe"] = CFrame.new(1.3883476257324219, 2.9638748168945312, -0.17112016677856445, 0.9999570846557617, 0.009251676499843597, -0.0005080569535493851, 0.000035359058529138565, 0.05102181434631348, 0.9986975789070129, 0.009265548549592495, -0.9986547827720642, 0.051019299775362015),
        ["fov"] = 40.00000053328391
    },
    {
        ["cframe"] = CFrame.new(1.4021472930908203, 2.9638748168945312, -0.17264962196350098, 0.999932050704956, 0.01164124347269535, -0.0006208899430930614, 0.000024357810616493225, 0.05117318034172058, 0.9986898899078369, 0.01165776327252388, -0.9986220598220825, 0.05116942152380943),
        ["fov"] = 40.00001706508522
    },
    {
        ["cframe"] = CFrame.new(1.4159469604492188, 2.9638748168945312, -0.1741790771484375, 0.999901294708252, 0.01403072290122509, -0.000734083354473114, 0.000012993346899747849, 0.05132472515106201, 0.9986820816993713, 0.014049908146262169, -0.9985834956169128, 0.05131947994232178),
        ["fov"] = 40.00012958799084
    },
    {
        ["cframe"] = CFrame.new(1.4297466278076172, 2.9638748168945312, -0.17570853233337402, 0.9998648166656494, 0.016420114785432816, -0.0008476334623992443, 1.2665987014770508e-6, 0.051476094871759415, 0.9986741542816162, 0.01644197851419449, -0.9985392093658447, 0.051469117403030396),
        ["fov"] = 40.000546082726835
    },
    {
        ["cframe"] = CFrame.new(1.4435462951660156, 2.9638748168945312, -0.17723798751831055, 0.9998225569725037, 0.01880938559770584, -0.0009615416056476533, -0.000010823201591847464, 0.051627449691295624, 0.9986664056777954, 0.0188339464366436, -0.9984892010688782, 0.05161849036812782),
        ["fov"] = 40.00166651222789
    },
    {
        ["cframe"] = CFrame.new(1.4261131286621094, 2.9638748168945312, -0.17723798751831055, 0.9996027946472168, 0.028166908770799637, -0.000961541198194027, -0.0004940517246723175, 0.0516248419880867, 0.998666524887085, 0.02817898616194725, -0.9982693195343018, 0.05161824822425842),
        ["fov"] = 40.00414681570691
    },
    {
        ["cframe"] = CFrame.new(1.4086799621582031, 2.9638748168945312, -0.17723822593688965, 0.9992952942848206, 0.03752236068248749, -0.0009615402668714523, -0.0009772609919309616, 0.051617998629808426, 0.9986664652824402, 0.037521958351135254, -0.9979618191719055, 0.051618292927742004),
        ["fov"] = 40.00896290272454
    },
    {
        ["cframe"] = CFrame.new(1.3912467956542969, 2.9638748168945312, -0.17723822593688965, 0.998900294303894, 0.04687453806400299, -0.0009615384042263031, -0.001460384577512741, 0.05160653963685036, 0.9986664652824402, 0.04686164855957031, -0.9975668787956238, 0.051618244498968124),
        ["fov"] = 40.017474647258744
    },
    {
        ["cframe"] = CFrame.new(1.3738136291503906, 2.9638748168945312, -0.17723822593688965, 0.998417854309082, 0.05622218921780586, -0.0009615421295166016, -0.0019433647394180298, 0.05159067362546921, 0.998666524887085, 0.05619681999087334, -0.9970846176147461, 0.0516183078289032),
        ["fov"] = 40.03148988177434
    },
    {
        ["cframe"] = CFrame.new(1.3573265075683594, 2.9638748168945312, -0.17723822593688965, 0.9988210201263428, 0.04853513091802597, -0.0009615402668714523, -0.0015461761504411697, 0.0516040213406086, 0.9986664652824402, 0.048520028591156006, -0.9974876046180725, 0.051618222147226334),
        ["fov"] = 40.05332839129255
    },
    {
        ["cframe"] = CFrame.new(1.3408403396606445, 2.9638748168945312, -0.17723822593688965, 0.9991650581359863, 0.04084497317671776, -0.0009615421295166016, -0.0011488944292068481, 0.05161444470286369, 0.998666524887085, 0.040840134024620056, -0.9978315830230713, 0.05161827430129051),
        ["fov"] = 40.08588590746057
    },
    {
        ["cframe"] = CFrame.new(1.3243541717529297, 2.9638748168945312, -0.17723822593688965, 0.9994498491287231, 0.03315238654613495, -0.0009615439921617508, -0.0007515382021665573, 0.05162162706255913, 0.9986665844917297, 0.03315781056880951, -0.9981164336204529, 0.051618143916130066),
        ["fov"] = 40.13269810262109
    },
    {
        ["cframe"] = CFrame.new(1.3078670501708984, 2.9638748168945312, -0.17723822593688965, 0.9996753931045532, 0.025458065792918205, -0.0009615486487746239, -0.00035415589809417725, 0.05162627995014191, 0.998666524887085, 0.025473754853010178, -0.9983420372009277, 0.0516185387969017),
        ["fov"] = 40.19800458388187
    },
    {
        ["cframe"] = CFrame.new(1.292327880859375, 2.9638748168945312, -0.17723822593688965, 0.9999992847442627, 0.0007066403632052243, -0.0009615504532121122, 0.0009237926569767296, 0.051619041711091995, 0.998666524887085, 0.0007553323521278799, -0.9986666440963745, 0.05161835253238678),
        ["fov"] = 40.28681288718528
    },
    {
        ["cframe"] = CFrame.new(1.276789665222168, 2.9638748168945312, -0.17723822593688965, 0.9997103214263916, -0.024049008265137672, -0.000961553305387497, 0.0022013671696186066, 0.05158044025301933, 0.9986664056777954, -0.023967338725924492, -0.9983792304992676, 0.05161844193935394),
        ["fov"] = 40.40496247137785
    },
    {
        ["cframe"] = CFrame.new(1.2612504959106445, 2.9638748168945312, -0.17723822593688965, 0.9988088011741638, -0.04878612607717514, -0.000961553305387497, 0.003477400168776512, 0.05151015520095825, 0.9986664652824402, -0.04867153614759445, -0.9974802136421204, 0.05161844193935394),
        ["fov"] = 40.559188712279834
    },
    {
        ["cframe"] = CFrame.new(1.2317314147949219, 2.9638748168945312, -0.15286874771118164, 0.9985033273696899, -0.0546819344162941, -0.0009615588933229446, 0.003781436011195183, 0.05148870497941971, 0.9986663460731506, -0.054559506475925446, -0.997175395488739, 0.05161842331290245),
        ["fov"] = 40.757186896754746
    },
    {
        ["cframe"] = CFrame.new(1.2022113800048828, 2.9638748168945312, -0.12849926948547363, 0.998163104057312, -0.0605759359896183, -0.0009615514427423477, 0.0040853507816791534, 0.05146552622318268, 0.9986664652824402, -0.06044566631317139, -0.9968360066413879, 0.051618464291095734),
        ["fov"] = 41.007676216778925
    },
    {
        ["cframe"] = CFrame.new(1.1726922988891602, 2.9638748168945312, -0.10412979125976562, 0.9977880716323853, -0.06646782159805298, -0.000961553305387497, 0.0043891239911317825, 0.05144056677818298, 0.9986664652824402, -0.0663297176361084, -0.9964616894721985, 0.05161852017045021),
        ["fov"] = 41.320463763511064
    },
    {
        ["cframe"] = CFrame.new(1.1431732177734375, 2.9638748168945312, -0.07976031303405762, 0.9973782896995544, -0.07235729694366455, -0.0009615495800971985, 0.004692737013101578, 0.051413774490356445, 0.9986664652824402, -0.0722113624215126, -0.9960528016090393, 0.0516185387969017),
        ["fov"] = 41.70650852136179
    },
    {
        ["cframe"] = CFrame.new(1.0996732711791992, 2.9638748168945312, -0.0310213565826416, 0.9982315301895142, -0.05943872407078743, -0.0009615570306777954, 0.004026714712381363, 0.051470011472702026, 0.9986665844917297, -0.05930996686220169, -0.9969043135643005, 0.05161833018064499),
        ["fov"] = 42.17798536206319
    },
    {
        ["cframe"] = CFrame.new(1.0561742782592773, 2.9638748168945312, 0.017717838287353516, 0.9989174604415894, -0.046508558094501495, -0.0009615570306777954, 0.0033599361777305603, 0.051517829298973083, 0.9986664652824402, -0.046396996825933456, -0.997588574886322, 0.05161832273006439),
        ["fov"] = 42.748349038738375
    },
    {
        ["cframe"] = CFrame.new(1.012674331665039, 2.9638748168945312, 0.06645679473876953, 0.9994359016418457, -0.033570047467947006, -0.0009615588933229446, 0.0026925699785351753, 0.051556989550590515, 0.9986664652824402, -0.03347570449113846, -0.9981057047843933, 0.0516182966530323),
        ["fov"] = 43.43239817997104
    },
    {
        ["cframe"] = CFrame.new(0.9691753387451172, 2.9638748168945312, 0.11519598960876465, 0.9997867941856384, -0.020626451820135117, -0.0009615598246455193, 0.0020247753709554672, 0.051587484776973724, 0.9986664056777954, -0.020549342036247253, -0.9984554052352905, 0.05161825194954872),
        ["fov"] = 44.246339283874974
    },
    {
        ["cframe"] = CFrame.new(0.9256753921508789, 2.9638748168945312, 0.16393494606018066, 0.999970018863678, -0.007681031245738268, -0.00096155796200037, 0.0013567307032644749, 0.05160946771502495, 0.998666524887085, -0.007621162571012974, -0.9986379146575928, 0.05161834508180618),
        ["fov"] = 45.20785071216367
    },
    {
        ["cframe"] = CFrame.new(0.9030513763427734, 2.95721435546875, 0.17847895622253418, 0.9999988079071045, -0.0012073847465217113, -0.0009615578455850482, 0.001022598473355174, 0.05161703750491142, 0.9986664652824402, -0.001156141865067184, -0.9986662268638611, 0.05161821097135544),
        ["fov"] = 46.336146684219834
    },
    {
        ["cframe"] = CFrame.new(0.880427360534668, 2.9505462646484375, 0.1930229663848877, 0.9999856352806091, 0.0052665844559669495, -0.0009615574963390827, 0.0006884101312607527, 0.05162259191274643, 0.9986665844917297, 0.00530919898301363, -0.9986528754234314, 0.05161822959780693),
        ["fov"] = 47.652041271164954
    },
    {
        ["cframe"] = CFrame.new(0.8578033447265625, 2.943878173828125, 0.2075669765472412, 0.9999306201934814, 0.011740466579794884, -0.0009615565650165081, 0.00035418570041656494, 0.05162595957517624, 0.9986664652824402, 0.011774450540542603, -0.9985975623130798, 0.051618222147226334),
        ["fov"] = 49.17801238992884
    },
    {
        ["cframe"] = CFrame.new(0.8351783752441406, 2.9372177124023438, 0.22211146354675293, 0.9998336434364319, 0.01821386069059372, -0.00096155796200037, 0.000019946135580539703, 0.05162720009684563, 0.998666524887085, 0.018239211291074753, -0.9985004663467407, 0.05161824822425842),
        ["fov"] = 50.938265797319175
    },
    {
        ["cframe"] = CFrame.new(0.8125543594360352, 2.9305572509765625, 0.23665547370910645, 0.99969482421875, 0.02468634955585003, -0.0009615588933229446, -0.00031428784132003784, 0.05162636935710907, 0.9986664652824402, 0.024703070521354675, -0.9983614087104797, 0.05161837115883827),
        ["fov"] = 52.958799084091105
    },
    {
        ["cframe"] = CFrame.new(0.7899303436279297, 2.92388916015625, 0.25119948387145996, 0.9995139837265015, 0.031157534569501877, -0.00096155796200037, -0.0006484948098659515, 0.05162324383854866, 0.9986664652824402, 0.031165622174739838, -0.9981805682182312, 0.05161835998296738),
        ["fov"] = 55.2674656690167
    },
    {
        ["cframe"] = CFrame.new(0.7885932922363281, 2.9136962890625, 0.23617243766784668, 0.9995139837265015, 0.031157534569501877, -0.0009615560993552208, -0.0006484938785433769, 0.05162324383854866, 0.9986664056777954, 0.031165622174739838, -0.9981805086135864, 0.05161835998296738),
        ["fov"] = 57.89403879295461
    },
    {
        ["cframe"] = CFrame.new(0.7872562408447266, 2.90350341796875, 0.2211453914642334, 0.9995139837265015, 0.031157538294792175, -0.00096155796200037, -0.0006484957411885262, 0.05162324383854866, 0.9986664652824402, 0.031165625900030136, -0.9981805682182312, 0.05161835998296738),
        ["fov"] = 60.870275512919555
    },
    {
        ["cframe"] = CFrame.new(0.785919189453125, 2.893310546875, 0.20611834526062012, 0.9995139837265015, 0.031157534569501877, -0.0009615560993552208, -0.0006484948098659515, 0.05162324383854866, 0.9986664056777954, 0.031165622174739838, -0.9981805086135864, 0.05161835998296738),
        ["fov"] = 64.12972448708045
    },
    {
        ["cframe"] = CFrame.new(0.784581184387207, 2.88311767578125, 0.19109129905700684, 0.9995139837265015, 0.031157534569501877, -0.0009615551680326462, -0.0006484938785433769, 0.051623065024614334, 0.9986664652824402, 0.031165624037384987, -0.9981805682182312, 0.05161818116903305),
        ["fov"] = 67.10596120704538
    },
    {
        ["cframe"] = CFrame.new(0.7832441329956055, 2.8729248046875, 0.17606425285339355, 0.9995139837265015, 0.031157538294792175, -0.00096155796200037, -0.0006484957411885262, 0.05162324383854866, 0.9986664652824402, 0.031165625900030136, -0.9981805682182312, 0.05161835998296738),
        ["fov"] = 69.7325343309833
    },
    {
        ["cframe"] = CFrame.new(0.7819070816040039, 2.86273193359375, 0.16103720664978027, 0.9995139837265015, 0.031157534569501877, -0.0009615560993552208, -0.0006484948098659515, 0.05162324383854866, 0.9986664056777954, 0.031165622174739838, -0.9981805086135864, 0.05161835998296738),
        ["fov"] = 72.0412009159089
    },
    {
        ["cframe"] = CFrame.new(0.7805700302124023, 2.8525466918945312, 0.146010160446167, 0.9995139837265015, 0.031157534569501877, -0.0009615560993552208, -0.0006484948098659515, 0.05162324383854866, 0.9986664056777954, 0.031165622174739838, -0.9981805086135864, 0.05161835998296738),
        ["fov"] = 74.06173420268081
    },
    {
        ["cframe"] = CFrame.new(0.7792329788208008, 2.8423538208007812, 0.1309831142425537, 0.9995139837265015, 0.031157534569501877, -0.0009615560993552208, -0.0006484948098659515, 0.05162324383854866, 0.9986664056777954, 0.031165622174739838, -0.9981805086135864, 0.05161835998296738),
        ["fov"] = 75.82198761007116
    },
    {
        ["cframe"] = CFrame.new(0.7778949737548828, 2.8321609497070312, 0.11595606803894043, 0.9995139837265015, 0.031157534569501877, -0.0009615560993552208, -0.0006484948098659515, 0.05162324383854866, 0.9986664056777954, 0.031165622174739838, -0.9981805086135864, 0.05161835998296738),
        ["fov"] = 77.34795872883504
    },
    {
        ["cframe"] = CFrame.new(0.7765579223632812, 2.8219680786132812, 0.10092902183532715, 0.9995139837265015, 0.031157534569501877, -0.0009615560993552208, -0.0006484948098659515, 0.05162324383854866, 0.9986664056777954, 0.031165622174739838, -0.9981805086135864, 0.05161835998296738),
        ["fov"] = 78.66385331578016
    },
    {
        ["cframe"] = CFrame.new(0.7752208709716797, 2.8117752075195312, 0.08590197563171387, 0.9995139837265015, 0.031157534569501877, -0.0009615560993552208, -0.0006484948098659515, 0.05162324383854866, 0.9986664056777954, 0.031165622174739838, -0.9981805086135864, 0.05161835998296738),
        ["fov"] = 79.79214928783634
    },
    {
        ["cframe"] = CFrame.new(0.7738838195800781, 2.8015823364257812, 0.07087492942810059, 0.9995139837265015, 0.031157534569501877, -0.0009615560993552208, -0.0006484948098659515, 0.05162324383854866, 0.9986664056777954, 0.031165622174739838, -0.9981805086135864, 0.05161835998296738),
        ["fov"] = 80.75366071612503
    },
    {
        ["cframe"] = CFrame.new(0.7679986953735352, 2.7942123413085938, 0.06550812721252441, 0.9995139837265015, 0.031157534569501877, -0.0009615551680326462, -0.0006484938785433769, 0.051623065024614334, 0.9986664652824402, 0.031165624037384987, -0.9981805682182312, 0.05161818116903305),
        ["fov"] = 81.56760182002895
    },
    {
        ["cframe"] = CFrame.new(0.7621135711669922, 2.786834716796875, 0.06014132499694824, 0.9995139837265015, 0.031157534569501877, -0.0009615560993552208, -0.0006484938785433769, 0.05162324383854866, 0.9986664056777954, 0.031165622174739838, -0.9981805086135864, 0.05161835998296738),
        ["fov"] = 82.25165096126162
    },
    {
        ["cframe"] = CFrame.new(0.7562274932861328, 2.7794647216796875, 0.05477452278137207, 0.9995139837265015, 0.031157534569501877, -0.0009615551680326462, -0.0006484938785433769, 0.051623065024614334, 0.9986664652824402, 0.031165624037384987, -0.9981805682182312, 0.05161818116903305),
        ["fov"] = 82.8220146379368
    },
    {
        ["cframe"] = CFrame.new(0.7503423690795898, 2.7720870971679688, 0.0494077205657959, 0.9995139837265015, 0.031157536432147026, -0.0009615560993552208, -0.0006484966725111008, 0.05162324383854866, 0.9986664652824402, 0.031165622174739838, -0.9981805682182312, 0.05161835998296738),
        ["fov"] = 83.2934914786382
    },
    {
        ["cframe"] = CFrame.new(0.7444572448730469, 2.7647171020507812, 0.04404091835021973, 0.9995139837265015, 0.031157534569501877, -0.0009615560993552208, -0.0006484948098659515, 0.05162324383854866, 0.9986664056777954, 0.031165622174739838, -0.9981805086135864, 0.05161835998296738),
        ["fov"] = 83.67953623648893
    },
    {
        ["cframe"] = CFrame.new(0.7385721206665039, 2.7573394775390625, 0.038674116134643555, 0.9995139837265015, 0.031157534569501877, -0.0009615560993552208, -0.0006484948098659515, 0.05162324383854866, 0.9986664056777954, 0.031165622174739838, -0.9981805086135864, 0.05161835998296738),
        ["fov"] = 83.99232378322108
    },
    {
        ["cframe"] = CFrame.new(0.7326860427856445, 2.749969482421875, 0.03330731391906738, 0.9995139837265015, 0.031157534569501877, -0.0009615560993552208, -0.0006484938785433769, 0.05162324383854866, 0.9986664056777954, 0.031165622174739838, -0.9981805086135864, 0.05161835998296738),
        ["fov"] = 84.24281310324525
    },
    {
        ["cframe"] = CFrame.new(0.7268009185791016, 2.7425918579101562, 0.02794051170349121, 0.9995139837265015, 0.031157534569501877, -0.0009615560993552208, -0.0006484948098659515, 0.05162324383854866, 0.9986664056777954, 0.031165622174739838, -0.9981805086135864, 0.05161835998296738),
        ["fov"] = 84.44081128772017
    },
    {
        ["cframe"] = CFrame.new(0.7209157943725586, 2.7352218627929688, 0.02257370948791504, 0.9995139837265015, 0.031157534569501877, -0.0009615560993552208, -0.0006484948098659515, 0.05162324383854866, 0.9986664056777954, 0.031165622174739838, -0.9981805086135864, 0.05161835998296738),
        ["fov"] = 84.59503752862216
    },
    {
        ["cframe"] = CFrame.new(0.7192707061767578, 2.7333831787109375, 0.02201080322265625, 0.9995139837265015, 0.031157538294792175, -0.0009615542367100716, -0.0006484938785433769, 0.051623065024614334, 0.9986664652824402, 0.031165625900030136, -0.9981805682182312, 0.05161818116903305),
        ["fov"] = 84.71318711281472
    },
    {
        ["cframe"] = CFrame.new(0.717625617980957, 2.7315444946289062, 0.02144765853881836, 0.9995139837265015, 0.031157538294792175, -0.0009615542367100716, -0.0006484938785433769, 0.051623065024614334, 0.9986664652824402, 0.031165625900030136, -0.9981805682182312, 0.05161818116903305),
        ["fov"] = 84.80199541611813
    },
    {
        ["cframe"] = CFrame.new(0.7159805297851562, 2.7297134399414062, 0.02088475227355957, 0.9995139837265015, 0.031157538294792175, -0.0009615542367100716, -0.0006484938785433769, 0.051623065024614334, 0.9986664652824402, 0.031165625900030136, -0.9981805682182312, 0.05161818116903305),
        ["fov"] = 84.86730189737891
    },
    {
        ["cframe"] = CFrame.new(0.7143354415893555, 2.727874755859375, 0.02032184600830078, 0.9995139837265015, 0.031157538294792175, -0.0009615551680326462, -0.0006484957411885262, 0.05162324383854866, 0.9986664056777954, 0.031165624037384987, -0.9981805086135864, 0.05161835998296738),
        ["fov"] = 84.91411409253942
    },
    {
        ["cframe"] = CFrame.new(0.7126903533935547, 2.7260360717773438, 0.019758939743041992, 0.9995139837265015, 0.031157540157437325, -0.0009615542367100716, -0.0006484929472208023, 0.051623065024614334, 0.9986664652824402, 0.031165629625320435, -0.9981805682182312, 0.05161818116903305),
        ["fov"] = 84.94667160870745
    },
    {
        ["cframe"] = CFrame.new(0.7110452651977539, 2.7241973876953125, 0.0191957950592041, 0.9995139837265015, 0.031157540157437325, -0.0009615542367100716, -0.0006484929472208023, 0.051623065024614334, 0.9986664652824402, 0.031165629625320435, -0.9981805682182312, 0.05161818116903305),
        ["fov"] = 84.96851011822565
    },
    {
        ["cframe"] = CFrame.new(0.7094001770019531, 2.7223587036132812, 0.018632888793945312, 0.9995139837265015, 0.031157538294792175, -0.0009615542367100716, -0.0006484920158982277, 0.051623065024614334, 0.9986664056777954, 0.031165625900030136, -0.9981805086135864, 0.05161818116903305),
        ["fov"] = 84.98252535274125
    },
    {
        ["cframe"] = CFrame.new(0.7077550888061523, 2.72052001953125, 0.018069982528686523, 0.9995139837265015, 0.031157542020082474, -0.000961553305387497, -0.0006484948098659515, 0.051623065024614334, 0.9986664652824402, 0.031165629625320435, -0.9981805682182312, 0.05161818116903305),
        ["fov"] = 84.99103709727547
    },
    {
        ["cframe"] = CFrame.new(0.7061100006103516, 2.71868896484375, 0.017507076263427734, 0.9995139837265015, 0.031157538294792175, -0.0009615542367100716, -0.0006484910845756531, 0.051623065024614334, 0.9986664056777954, 0.031165625900030136, -0.9981805086135864, 0.05161818116903305),
        ["fov"] = 84.99585318429308
    },
    {
        ["cframe"] = CFrame.new(0.7044649124145508, 2.7168502807617188, 0.016943931579589844, 0.9995139837265015, 0.031157538294792175, -0.0009615542367100716, -0.0006484920158982277, 0.051623065024614334, 0.9986664056777954, 0.031165625900030136, -0.9981805086135864, 0.05161818116903305),
        ["fov"] = 84.9983334877721
    },
    {
        ["cframe"] = CFrame.new(0.70281982421875, 2.7150115966796875, 0.016381025314331055, 0.9995139837265015, 0.031157540157437325, -0.0009615542367100716, -0.0006484929472208023, 0.051623065024614334, 0.9986664652824402, 0.031165629625320435, -0.9981805682182312, 0.05161818116903305),
        ["fov"] = 84.99945391727317
    },
    {
        ["cframe"] = CFrame.new(0.7019577026367188, 2.71405029296875, 0.016086101531982422, 0.9995139837265015, 0.031157540157437325, -0.0009615523740649223, -0.0006484929472208023, 0.051623065024614334, 0.9986664056777954, 0.031165625900030136, -0.9981805086135864, 0.05161818116903305),
        ["fov"] = 84.99987041200916
    },
    {
        ["cframe"] = CFrame.new(0.7010965347290039, 2.7130889892578125, 0.01579117774963379, 0.9995139837265015, 0.031157538294792175, -0.0009615523740649223, -0.0006484938785433769, 0.051623065024614334, 0.9986664056777954, 0.031165625900030136, -0.9981805086135864, 0.05161818116903305),
        ["fov"] = 84.99998293491478
    },
    {
        ["cframe"] = CFrame.new(0.7002344131469727, 2.712127685546875, 0.015496492385864258, 0.9995139837265015, 0.031157542020082474, -0.0009615514427423477, -0.0006484910845756531, 0.05162294581532478, 0.9986664652824402, 0.031165627762675285, -0.9981805682182312, 0.0516180619597435),
